loss
0.2341027855873108
0.05989963933825493
0.04127956181764603
0.031147107481956482
0.02478034235537052
0.020690863952040672
0.017133401706814766
0.013866669498383999
0.012048055417835712
0.01100170612335205
0.008815280161798
0.008543954230844975
0.007144487462937832
0.006539933383464813
0.007960218004882336
0.006295105442404747
0.006515838205814362
0.005992373917251825
0.00515402015298605
0.005337224341928959
0.003834830829873681
0.006062978878617287
0.0037882362958043814
0.005210204981267452
0.003987643867731094
0.0044530220329761505
0.0034340268466621637
0.005110879894345999
0.003793715499341488
0.005082405637949705
accuracy
0.9319677948951721
0.9810163378715515
0.9867294430732727
0.9900883436203003
0.992262601852417
0.9934471845626831
0.9947517514228821
0.9956064820289612
0.9961313009262085
0.9964761734008789
0.9972409009933472
0.9972559213638306
0.9978407025337219
0.9979456663131714
0.997390866279602
0.9979906678199768
0.9979906678199768
0.9982305765151978
0.9983655214309692
0.9981706142425537
0.9987404346466064
0.9981856346130371
0.9988903999328613
0.9984405040740967
0.9986504316329956
0.998605489730835
0.9991152882575989
0.9983355402946472
0.9987704157829285
0.998605489730835
val_loss
0.10174799710512161
0.0847896859049797
0.05731315165758133
0.05707335099577904
0.06924954056739807
0.05027160048484802
0.057430531829595566
0.06453350931406021
0.07906797528266907
0.056022774428129196
0.07086662948131561
0.0546606220304966
0.0747508853673935
0.07709261775016785
0.07017508149147034
0.06761961430311203
0.08451807498931885
0.07872584462165833
0.07897729426622391
0.07513564079999924
0.08146984130144119
0.0724700316786766
0.08066945523023605
0.07634955644607544
0.08397500216960907
0.07891879975795746
0.07796123623847961
0.07532628625631332
0.11060409247875214
0.09263289719820023
val_accuracy
0.9686049222946167
0.9734998941421509
0.9830365180969238
0.9827833771705627
0.9803358912467957
0.9863279461860657
0.9867499470710754
0.9854840040206909
0.9831209182739258
0.9874250888824463
0.9851464033126831
0.9876782894134521
0.9857372045516968
0.9863279461860657
0.9855684041976929
0.9885222315788269
0.984893262386322
0.9866655468940735
0.984893262386322
0.9866655468940735
0.987931489944458
0.9881002902984619
0.984893262386322
0.9867499470710754
0.9872562885284424
0.9868343472480774
0.9868343472480774
0.9862435460090637
0.9864123463630676
0.9864123463630676
