loss
0.5969375967979431
0.16487577557563782
0.11092663556337357
0.0847112238407135
0.0692654401063919
0.058332331478595734
0.050520721822977066
0.043487537652254105
0.03941837698221207
0.035415809601545334
0.031303491443395615
0.029009470716118813
0.025434697046875954
0.023648958653211594
0.021219877526164055
0.019245153293013573
0.017319532111287117
0.01623324677348137
0.014953969046473503
0.013393083587288857
0.013002906925976276
0.011449160985648632
0.01055824663490057
0.009689620696008205
0.008898640051484108
0.008427433669567108
0.00770029379054904
0.006776458118110895
0.006698044016957283
0.006485963240265846
accuracy
0.834215521812439
0.9504866003990173
0.9668310880661011
0.9743435978889465
0.9792619347572327
0.9826357960700989
0.984825074672699
0.9871343374252319
0.9881239533424377
0.9891886115074158
0.9902382493019104
0.9911679625511169
0.9920976758003235
0.9924425482749939
0.993657112121582
0.9939420223236084
0.994631826877594
0.9950516819953918
0.9951716065406799
0.9957714080810547
0.9957114458084106
0.9964911937713623
0.9968360662460327
0.9969559907913208
0.9972859025001526
0.997270941734314
0.9977507591247559
0.9979606866836548
0.9978107213973999
0.9976907968521118
val_loss
0.2553088963031769
0.15802496671676636
0.13577045500278473
0.11045089364051819
0.09169156849384308
0.08903814107179642
0.07606647908687592
0.07972298562526703
0.0817570835351944
0.06839139014482498
0.07570023834705353
0.05911961942911148
0.06801176816225052
0.06346695870161057
0.06357897073030472
0.07534235715866089
0.06690774857997894
0.05914401262998581
0.07160785794258118
0.05953790619969368
0.06587081402540207
0.06386368721723557
0.062310658395290375
0.06321115046739578
0.061329834163188934
0.06294870376586914
0.06567834317684174
0.06782731413841248
0.07128693908452988
0.07707595080137253
val_accuracy
0.9253945350646973
0.9514726996421814
0.9587306976318359
0.9675077795982361
0.9730778932571411
0.9740062355995178
0.9775508642196655
0.9769600629806519
0.9768756628036499
0.9805046916007996
0.9789855480194092
0.9826145768165588
0.9815174341201782
0.9831209182739258
0.9831209182739258
0.9805890917778015
0.9834585189819336
0.9838805198669434
0.9806734919548035
0.984893262386322
0.9834585189819336
0.9825301766395569
0.9843868613243103
0.9843868613243103
0.9848088622093201
0.985399603843689
0.9841336607933044
0.9850620031356812
0.9836273193359375
0.9836273193359375
loss
0.5960156917572021
0.1714218258857727
0.11437305063009262
0.0894724652171135
0.07222192734479904
0.060102880001068115
0.051527734845876694
0.044460229575634
0.03927002474665642
0.034921299666166306
0.031046677380800247
0.027521666139364243
0.02559863217175007
0.02226150408387184
0.02074827253818512
0.018822558224201202
0.017059164121747017
0.01589452102780342
0.014114871621131897
0.013063769787549973
0.012529353611171246
0.011018353514373302
0.010172146372497082
0.008935950696468353
0.008605366572737694
0.007761025335639715
0.007102545816451311
0.006687808781862259
0.005943994503468275
0.005956707056611776
accuracy
0.8367496728897095
0.949196994304657
0.9663212895393372
0.9735338687896729
0.9780473709106445
0.9816461205482483
0.9845701456069946
0.9870143532752991
0.9880340099334717
0.9893085956573486
0.9904032349586487
0.9917227625846863
0.9921276569366455
0.9933422207832336
0.993657112121582
0.9939870238304138
0.994961678981781
0.9950366616249084
0.9958614110946655
0.9961462616920471
0.9963412284851074
0.9966410994529724
0.997061014175415
0.9975408315658569
0.9973158836364746
0.9976907968521118
0.9978107213973999
0.9980506300926208
0.9980806708335876
0.9980656504631042
val_loss
0.2957484722137451
0.17201732099056244
0.1499384492635727
0.10841134935617447
0.0893779769539833
0.08300592005252838
0.0756736621260643
0.08291425555944443
0.06788525730371475
0.06661935895681381
0.06472142785787582
0.06517232209444046
0.0709429532289505
0.06637407839298248
0.0666733905673027
0.06351257115602493
0.05723339691758156
0.062098998576402664
0.05931458622217178
0.057962566614151
0.06531757861375809
0.06873432546854019
0.058014217764139175
0.07129516452550888
0.06441514194011688
0.06260073930025101
0.0637211725115776
0.06201079487800598
0.06808651983737946
0.07289785891771317
val_accuracy
0.9104565978050232
0.9480124711990356
0.9546797275543213
0.9680985808372498
0.9723183512687683
0.9746814370155334
0.9767069220542908
0.9756941795349121
0.9805890917778015
0.9799982905387878
0.9806734919548035
0.9808422923088074
0.979407548904419
0.9813486337661743
0.9810110330581665
0.9821925759315491
0.9845556616783142
0.9826989769935608
0.9843868613243103
0.9845556616783142
0.982276976108551
0.9826145768165588
0.9861591458320618
0.9813486337661743
0.9851464033126831
0.984893262386322
0.9850620031356812
0.9847244620323181
0.9843868613243103
0.9826145768165588
