loss
0.43903395533561707
0.12939652800559998
0.08848676830530167
0.06690153479576111
0.05402357503771782
0.045017655938863754
0.03792274743318558
0.03223460912704468
0.027933679521083832
0.023862604051828384
0.0218037161976099
0.01901678554713726
0.01666015014052391
0.015102406032383442
0.013942648656666279
0.012102107517421246
0.010016273707151413
0.01027514599263668
0.008189741522073746
0.007829342968761921
0.006860513240098953
0.006392890587449074
0.005904114805161953
0.005310012027621269
0.004379710182547569
0.004723106976598501
0.00421908451244235
0.0045457035303115845
0.003613522509112954
0.0035409191623330116
accuracy
0.8767862915992737
0.9609530568122864
0.973353922367096
0.9804165363311768
0.9838204383850098
0.9860096573829651
0.9880790114402771
0.9899833798408508
0.9911229610443115
0.9931473135948181
0.9928773641586304
0.9942119121551514
0.9947067499160767
0.994991660118103
0.9955465197563171
0.9960713386535645
0.9967311024665833
0.9969710111618042
0.997330904006958
0.9974058866500854
0.9977657198905945
0.9978557229042053
0.9982156157493591
0.9982755780220032
0.9987704157829285
0.9983505606651306
0.9984704852104187
0.9985305070877075
0.9987704157829285
0.9987553954124451
val_loss
0.2167448252439499
0.1319340020418167
0.10544490069150925
0.09036168456077576
0.08542299270629883
0.07158712297677994
0.06834949553012848
0.06062748283147812
0.057927265763282776
0.06580287963151932
0.08045699447393417
0.07035937905311584
0.07111751288175583
0.07634865492582321
0.0651639774441719
0.059334300458431244
0.06548554450273514
0.05977942422032356
0.07311204075813293
0.0732710137963295
0.06412479281425476
0.06316329538822174
0.07418187707662582
0.07321203500032425
0.06873953342437744
0.06896789371967316
0.08649541437625885
0.07695020735263824
0.06821831315755844
0.07076445966959
val_accuracy
0.9343404769897461
0.9594058394432068
0.9686049222946167
0.9734998941421509
0.9739218354225159
0.9796607494354248
0.9798295497894287
0.9821925759315491
0.9838805198669434
0.9824457764625549
0.9786480069160461
0.9802514910697937
0.9811798334121704
0.9803358912467957
0.9836273193359375
0.9847244620323181
0.9825301766395569
0.9851464033126831
0.9808422923088074
0.9837117195129395
0.985399603843689
0.9855684041976929
0.9832897186279297
0.9843024611473083
0.9837117195129395
0.985315203666687
0.9826989769935608
0.9839649200439453
0.9863279461860657
0.9867499470710754
