loss
1.5934265851974487
0.49353787302970886
0.32063987851142883
0.23355445265769958
0.18089473247528076
0.14742451906204224
0.12698905169963837
0.11154286563396454
0.101125568151474
0.09253223240375519
0.08543307334184647
0.07890421897172928
0.07457564771175385
0.06967388838529587
0.06619730591773987
0.06183914467692375
0.058290425688028336
0.05483299866318703
0.052877530455589294
0.0501067079603672
0.04826229065656662
0.045961201190948486
0.04452325776219368
0.04282163828611374
0.040121860802173615
0.039333783090114594
0.03732821345329285
0.0367739275097847
0.0346807986497879
0.033717572689056396
accuracy
0.5875181555747986
0.8610715270042419
0.9081257581710815
0.9327025413513184
0.9471276998519897
0.9565295577049255
0.9629024267196655
0.9665461778640747
0.969440221786499
0.9722892642021179
0.9736088514328003
0.9761729836463928
0.9773275852203369
0.9784372448921204
0.9795018434524536
0.9815111756324768
0.9821709990501404
0.9834305644035339
0.9837304353713989
0.9847651124000549
0.9851549863815308
0.985949695110321
0.9866244792938232
0.9873292446136475
0.9880340099334717
0.9878090620040894
0.9886488318443298
0.9888437390327454
0.9895485043525696
0.989953339099884
val_loss
0.7896077036857605
0.4593501389026642
0.3302985727787018
0.2625316381454468
0.21621949970722198
0.18415160477161407
0.15800060331821442
0.14468441903591156
0.13134272396564484
0.1322830617427826
0.12106510251760483
0.12339037656784058
0.10658994317054749
0.10573367774486542
0.1033533439040184
0.09903176128864288
0.09159833937883377
0.08882242441177368
0.08696657419204712
0.09246614575386047
0.0830693393945694
0.08188088983297348
0.08175232261419296
0.08386696875095367
0.0786404088139534
0.08498608320951462
0.076657734811306
0.07556261867284775
0.07846129685640335
0.07246757298707962
val_accuracy
0.7772808074951172
0.8742510080337524
0.9085155129432678
0.9254789352416992
0.9361127614974976
0.9451430439949036
0.9519790410995483
0.9564520120620728
0.9594058394432068
0.9574647545814514
0.9628660678863525
0.9615157246589661
0.9678453803062439
0.9684361815452576
0.9698708653450012
0.970292866230011
0.9719807505607605
0.9731622934341431
0.9745126366615295
0.9718119502067566
0.9746814370155334
0.9769600629806519
0.9755253791809082
0.9757785201072693
0.9761161208152771
0.9751877784729004
0.9785636067390442
0.9780572056770325
0.9771288633346558
0.9803358912467957
