loss
0.8492981791496277
0.29423007369041443
0.2069188803434372
0.16279344260692596
0.13793224096298218
0.12033411860466003
0.10659930855035782
0.09685900062322617
0.08944546431303024
0.08194518089294434
0.07697423547506332
0.07198700308799744
0.06695375591516495
0.06304892897605896
0.059616852551698685
0.05600549280643463
0.05350101739168167
0.050441645085811615
0.04801081866025925
0.04539845883846283
0.043273963034152985
0.04106266796588898
0.038785967975854874
0.03729214519262314
0.035920605063438416
0.03418858349323273
0.033057522028684616
0.030830927193164825
0.029597127810120583
0.02823181077837944
accuracy
0.7744155526161194
0.9151434302330017
0.9400800466537476
0.9514762759208679
0.9586138725280762
0.9637121558189392
0.9676558375358582
0.9705798625946045
0.9727691411972046
0.9749283790588379
0.9766228199005127
0.9778074622154236
0.9795918464660645
0.9806864857673645
0.9815861582756042
0.9827257990837097
0.9827557802200317
0.9848101139068604
0.9854998588562012
0.98615962266922
0.9866544604301453
0.9874042272567749
0.9881089925765991
0.9883338809013367
0.9891586303710938
0.9896834492683411
0.989833414554596
0.9906581044197083
0.990928053855896
0.9913628697395325
val_loss
0.44193580746650696
0.2931693196296692
0.23354879021644592
0.18742236495018005
0.16117040812969208
0.1520281285047531
0.1573944389820099
0.13432687520980835
0.12803377211093903
0.11992935836315155
0.11363933980464935
0.11604973673820496
0.10930414497852325
0.09728021919727325
0.10693641752004623
0.09901401400566101
0.10792573541402817
0.10267279297113419
0.09257479012012482
0.10069885104894638
0.09964240342378616
0.09699559211730957
0.08834211528301239
0.08637116104364395
0.08979920297861099
0.08950088173151016
0.09443972259759903
0.08600673824548721
0.08173605799674988
0.1011095941066742
val_accuracy
0.8794835209846497
0.9187273383140564
0.9333277344703674
0.9448054432868958
0.9510506987571716
0.9529074430465698
0.9519790410995483
0.9600810408592224
0.9618533253669739
0.9640476107597351
0.9667482376098633
0.9664950370788574
0.9689425230026245
0.9714744091033936
0.9701240658760071
0.9714744091033936
0.9697020649909973
0.9724871516227722
0.9727402925491333
0.9719807505607605
0.9745970368385315
0.9745126366615295
0.9752721786499023
0.976369321346283
0.9765381217002869
0.9772132635116577
0.9754409790039062
0.9777196645736694
0.9789855480194092
0.9752721786499023
loss
0.8664968013763428
0.3116254508495331
0.21644337475299835
0.16780483722686768
0.1392732858657837
0.11973190307617188
0.10695108771324158
0.0950392633676529
0.08647862076759338
0.07938732951879501
0.07256446778774261
0.06830374151468277
0.06339424848556519
0.05901142209768295
0.055415112525224686
0.05289211496710777
0.05011245608329773
0.04680166020989418
0.04450886324048042
0.04225686192512512
0.040787164121866226
0.03865097090601921
0.03697884455323219
0.03498080372810364
0.03328388184309006
0.03147627413272858
0.03054032474756241
0.028423188254237175
0.027801772579550743
0.026802614331245422
0.025431351736187935
0.024683967232704163
0.02344399318099022
0.02267543040215969
0.021683713421225548
0.02014889568090439
0.019692575559020042
0.01889551244676113
0.017926758155226707
0.01715128868818283
0.016221297904849052
0.015480704605579376
0.015237842686474323
0.014280593022704124
0.014344972558319569
0.013113013468682766
0.01206162665039301
0.012401105836033821
0.011529981158673763
0.011244021356105804
accuracy
0.7667381167411804
0.9093403816223145
0.9363613128662109
0.9500067234039307
0.9586888551712036
0.9634572267532349
0.968045711517334
0.9712846279144287
0.9738487601280212
0.9759180545806885
0.9783322811126709
0.979486882686615
0.98088139295578
0.9823809266090393
0.9835805296897888
0.9836404919624329
0.9846151471138
0.9855748414993286
0.9868193864822388
0.9873592257499695
0.9877490997314453
0.9882739186286926
0.9885438084602356
0.9890236854553223
0.9896084666252136
0.9903132319450378
0.9905831813812256
0.9916927814483643
0.9914678335189819
0.9914528727531433
0.9918127655982971
0.9922775626182556
0.9928473830223083
0.9930573105812073
0.9931622743606567
0.9937620759010315
0.9939570426940918
0.9939420223236084
0.9944218397140503
0.994901716709137
0.9952765703201294
0.9954265356063843
0.9953965544700623
0.9956964254379272
0.9957414269447327
0.9961013197898865
0.9964612126350403
0.9963412284851074
0.9967761039733887
0.9966111183166504
val_loss
0.48178255558013916
0.31902119517326355
0.25177833437919617
0.20961925387382507
0.1663139909505844
0.15882861614227295
0.15706712007522583
0.13599294424057007
0.11642982065677643
0.12211360037326813
0.11733829975128174
0.09933915734291077
0.10601680725812912
0.10306604951620102
0.09677153825759888
0.10277456790208817
0.09578002244234085
0.09848196804523468
0.0960136130452156
0.09685882925987244
0.09832559525966644
0.0860547125339508
0.09889501333236694
0.0874703899025917
0.08804593980312347
0.08770354092121124
0.09290027618408203
0.08782613277435303
0.09344052523374557
0.09341985732316971
0.09048675000667572
0.08951973915100098
0.08879372477531433
0.08840055018663406
0.09543442726135254
0.09555632621049881
0.08837925642728806
0.0906103327870369
0.0918441116809845
0.09310253709554672
0.08615229278802872
0.10757207870483398
0.09893587231636047
0.10280115902423859
0.09609835594892502
0.09203250706195831
0.09648481011390686
0.10244297236204147
0.10418374836444855
0.11012660712003708
val_accuracy
0.8629420399665833
0.9058992266654968
0.9247193932533264
0.9398261308670044
0.9502911567687988
0.9528230428695679
0.9513882994651794
0.9578023552894592
0.9655666947364807
0.9629504680633545
0.964638352394104
0.9691113233566284
0.9701240658760071
0.9686049222946167
0.9710524082183838
0.9707992076873779
0.9717275500297546
0.9715588092803955
0.9744282364845276
0.973246693611145
0.9727402925491333
0.9760317206382751
0.9727402925491333
0.976369321346283
0.9757785201072693
0.9761161208152771
0.9747657775878906
0.976791262626648
0.9751033782958984
0.9758629202842712
0.9768756628036499
0.9754409790039062
0.9772976636886597
0.9768756628036499
0.9760317206382751
0.9772132635116577
0.9782260060310364
0.9778884053230286
0.9772132635116577
0.9778884053230286
0.979323148727417
0.9749345779418945
0.9775508642196655
0.9764537215232849
0.9776352643966675
0.9789855480194092
0.9784792065620422
0.9780572056770325
0.9778884053230286
0.9768756628036499
