loss
0.40321239829063416
0.1116006150841713
0.07287545502185822
0.05420214682817459
0.04334241524338722
0.035541269928216934
0.02997629903256893
0.025181928649544716
0.02135632187128067
0.019100463017821312
0.016102274879813194
0.014730483293533325
0.012304085306823254
0.012163395993411541
0.009591594338417053
0.008508744649589062
0.008459729142487049
0.007345872465521097
0.007022073958069086
0.0055040293373167515
0.006290004588663578
0.0046853856183588505
0.004488239996135235
0.00496421754360199
0.004099078476428986
0.004299614578485489
0.003328117309138179
0.0041421204805374146
0.003378744935616851
0.0024742151144891977
accuracy
0.8851534724235535
0.9671609997749329
0.978422224521637
0.983460545539856
0.986984372138977
0.9888887405395508
0.9904931783676147
0.9922775626182556
0.9930872917175293
0.9940019845962524
0.9948567152023315
0.994991660118103
0.995996356010437
0.9960113167762756
0.9969710111618042
0.99736088514328
0.9973458647727966
0.9975858330726624
0.9975858330726624
0.9981406331062317
0.9980356693267822
0.9983205795288086
0.9985154867172241
0.9983205795288086
0.9985904693603516
0.9985904693603516
0.9988003969192505
0.9985454678535461
0.9990553259849548
0.9993102550506592
val_loss
0.20481471717357635
0.10981777310371399
0.09321773797273636
0.07513812929391861
0.07354900240898132
0.07471301406621933
0.06847581267356873
0.06139864772558212
0.0685490220785141
0.06729116290807724
0.062134310603141785
0.060548774898052216
0.06664302945137024
0.060740891844034195
0.06166619434952736
0.07009917497634888
0.06473731249570847
0.06495865434408188
0.06784668564796448
0.08020126819610596
0.07024332135915756
0.08054941147565842
0.07326387614011765
0.07284217327833176
0.08649604022502899
0.0729399174451828
0.07919702678918839
0.0822836235165596
0.07423214614391327
0.07948542386293411
val_accuracy
0.940585732460022
0.9668326377868652
0.9721495509147644
0.9774664640426636
0.9794919490814209
0.9784792065620422
0.9789855480194092
0.982276976108551
0.9834585189819336
0.9829521775245667
0.984977662563324
0.984893262386322
0.9835429191589355
0.9867499470710754
0.985399603843689
0.984977662563324
0.9861591458320618
0.9860747456550598
0.9868343472480774
0.9836273193359375
0.9847244620323181
0.9847244620323181
0.9860747456550598
0.9854840040206909
0.9827833771705627
0.9859060049057007
0.985399603843689
0.9842180609703064
0.9862435460090637
0.9841336607933044
