loss
0.8365625739097595
0.307356595993042
0.21743544936180115
0.17163369059562683
0.1462731659412384
0.12634265422821045
0.11315286159515381
0.10035170614719391
0.09246253222227097
0.08455569297075272
0.07889313995838165
0.07277612388134003
0.06727297604084015
0.06288128346204758
0.06004488840699196
0.055369455367326736
0.05244118720293045
0.049628373235464096
0.04645294323563576
0.04422416165471077
0.0415574349462986
0.0390433594584465
0.03707394376397133
0.035940688103437424
0.03335651010274887
0.031252164393663406
0.029942940920591354
0.02793586067855358
0.02796676568686962
0.025494547560811043
accuracy
0.7693622708320618
0.9105249643325806
0.9347118735313416
0.9483423233032227
0.9561846852302551
0.9619577527046204
0.9653165936470032
0.9693052768707275
0.9718993902206421
0.9740886688232422
0.9758281111717224
0.9774625301361084
0.9793519377708435
0.9807014465332031
0.981091320514679
0.9824258685112
0.9835655093193054
0.9845701456069946
0.9856048226356506
0.9866994619369507
0.9875091910362244
0.9883939027786255
0.988288938999176
0.9889187216758728
0.9896684885025024
0.9904782176017761
0.9908380508422852
0.9913179278373718
0.9911529421806335
0.991992712020874
val_loss
0.4732465147972107
0.3345648944377899
0.2443476766347885
0.20035530626773834
0.1849181205034256
0.15880832076072693
0.1498447060585022
0.1322232335805893
0.1250518262386322
0.13325171172618866
0.12099245935678482
0.11048056930303574
0.11636697500944138
0.0969092920422554
0.10464940220117569
0.11084353178739548
0.10412035882472992
0.09320635348558426
0.1008262038230896
0.09228553622961044
0.0938810259103775
0.09280014038085938
0.10722997784614563
0.09091494977474213
0.0930362343788147
0.09434495121240616
0.09722021222114563
0.09043940901756287
0.09204456955194473
0.08985020965337753
val_accuracy
0.8710439801216125
0.90218585729599
0.9280108213424683
0.9375474452972412
0.943961501121521
0.9518103003501892
0.9527386426925659
0.9602497816085815
0.9603341817855835
0.9597434401512146
0.9648915529251099
0.9659886956214905
0.9654822945594788
0.9705460667610168
0.967339038848877
0.96767657995224
0.9700396656990051
0.9725715517997742
0.9695332646369934
0.9740062355995178
0.9729934930801392
0.9742594361305237
0.9697020649909973
0.9740062355995178
0.973331093788147
0.9740906357765198
0.9746814370155334
0.9764537215232849
0.9766225218772888
0.9766225218772888
