loss
1.0862213373184204
0.3306315541267395
0.21626047790050507
0.16165654361248016
0.13264597952365875
0.11454486101865768
0.09985189884901047
0.08927957713603973
0.08177341520786285
0.07462701946496964
0.06973438709974289
0.06466282904148102
0.06021631509065628
0.05600496381521225
0.05233952775597572
0.049493543803691864
0.04756432771682739
0.043840065598487854
0.041305266320705414
0.038953568786382675
0.03733106330037117
0.03492988646030426
0.03343958780169487
0.032634083181619644
0.030369888991117477
0.028954224660992622
0.02685440331697464
0.02630775049328804
0.024766473099589348
0.023543622344732285
accuracy
0.7035642862319946
0.9056066274642944
0.9372010231018066
0.9539804458618164
0.9613729119300842
0.9667861461639404
0.9707598090171814
0.973383903503418
0.9758880734443665
0.978182315826416
0.9793219566345215
0.9803715944290161
0.9820060133934021
0.9836254715919495
0.9847051501274109
0.9853498935699463
0.9857697486877441
0.9868193864822388
0.9877941012382507
0.9883338809013367
0.9891286492347717
0.9897284507751465
0.989833414554596
0.9901933073997498
0.9910330176353455
0.9914078712463379
0.992202639579773
0.992292582988739
0.9923675656318665
0.9931322932243347
val_loss
0.5273961424827576
0.3207359313964844
0.2403043657541275
0.2051893025636673
0.16098147630691528
0.1423569917678833
0.13008464872837067
0.12145818024873734
0.11115563660860062
0.11582688242197037
0.10717068612575531
0.09835397452116013
0.10109923034906387
0.10218657553195953
0.08656873553991318
0.09454628825187683
0.08533962070941925
0.08355168253183365
0.08259181678295135
0.07952295988798141
0.08205470442771912
0.0847351998090744
0.08400258421897888
0.0957460105419159
0.06931330263614655
0.07609952986240387
0.07864398509263992
0.0775211974978447
0.07614783197641373
0.0797349363565445
val_accuracy
0.8535741567611694
0.9083467125892639
0.9302051067352295
0.9394885897636414
0.9518947005271912
0.9566208124160767
0.9602497816085815
0.9630348682403564
0.9656510949134827
0.9655666947364807
0.9682673811912537
0.970714807510376
0.9686893224716187
0.9693645238876343
0.9745126366615295
0.9721495509147644
0.9740906357765198
0.9756941795349121
0.9751877784729004
0.9771288633346558
0.9758629202842712
0.9761161208152771
0.9758629202842712
0.9722339510917664
0.9807578921318054
0.9781416058540344
0.9789011478424072
0.9780572056770325
0.9791543483734131
0.97881680727005
