loss
0.7634012699127197
0.23459497094154358
0.15800319612026215
0.12118572741746902
0.10040071606636047
0.0843694806098938
0.07465725392103195
0.06625441461801529
0.05887380614876747
0.05308237671852112
0.048931170254945755
0.044917646795511246
0.04122916981577873
0.03751930594444275
0.03474090248346329
0.03216617926955223
0.029344402253627777
0.027863798663020134
0.02573299966752529
0.023567399010062218
0.02128548175096512
0.02024141699075699
0.018441883847117424
0.01820351369678974
0.01620788685977459
0.015801984816789627
0.013800845481455326
0.012637380510568619
0.012453349307179451
0.011194739490747452
accuracy
0.793009340763092
0.9313229918479919
0.9532756805419922
0.9639670848846436
0.9697401523590088
0.9751983284950256
0.9780023694038391
0.9801316261291504
0.9827857613563538
0.9842702746391296
0.9847201108932495
0.9862945675849915
0.9875391721725464
0.988588809967041
0.9895185232162476
0.9901332855224609
0.9914678335189819
0.9919477105140686
0.9920676350593567
0.9930872917175293
0.9939870238304138
0.9938520789146423
0.9944068789482117
0.9944068789482117
0.9950666427612305
0.9951116442680359
0.9956364631652832
0.9963712096214294
0.9960862994194031
0.9967610836029053
val_loss
0.38993600010871887
0.2322111576795578
0.17727135121822357
0.13926979899406433
0.13961778581142426
0.1118851751089096
0.10755638778209686
0.10960966348648071
0.10070937871932983
0.09573812037706375
0.07999937236309052
0.09900166839361191
0.08536789566278458
0.08476006239652634
0.08037406206130981
0.07982146739959717
0.0781908929347992
0.07958591729402542
0.07927455008029938
0.06413169950246811
0.06431809812784195
0.08023177087306976
0.07748111337423325
0.06696098297834396
0.06902438402175903
0.07300477474927902
0.07289403676986694
0.07417434453964233
0.06885883212089539
0.0695699006319046
val_accuracy
0.8851379752159119
0.9304582476615906
0.9475905299186707
0.9583930969238281
0.9598278403282166
0.9681829810142517
0.9679297804832458
0.970208466053009
0.9714744091033936
0.9720651507377625
0.9767069220542908
0.9727402925491333
0.9759473204612732
0.976200520992279
0.9791543483734131
0.9785636067390442
0.9794919490814209
0.9786480069160461
0.9796607494354248
0.9826989769935608
0.9830365180969238
0.9801670908927917
0.9808422923088074
0.9824457764625549
0.9825301766395569
0.9815174341201782
0.9830365180969238
0.9825301766395569
0.9840492606163025
0.9837117195129395
