loss
0.29633402824401855
0.07544610649347305
0.049000728875398636
0.03657365217804909
0.02860906533896923
0.023772863671183586
0.01964801736176014
0.016671739518642426
0.013346347026526928
0.011585085652768612
0.011346440762281418
0.00886315107345581
0.008158504962921143
0.00752338208258152
0.0062606604769825935
0.006496612448245287
0.005376436281949282
0.005819110665470362
0.004092623945325613
0.004447991494089365
0.003863409860059619
0.003538059536367655
0.003854254027828574
0.003841978730633855
0.003469068557024002
0.0035190717317163944
0.003571580396965146
0.0024509653449058533
0.0031332417856901884
0.0021339859813451767
accuracy
0.9146636128425598
0.9771926403045654
0.9845101833343506
0.988528847694397
0.99098801612854
0.992292582988739
0.99362713098526
0.9947067499160767
0.9955914616584778
0.9961313009262085
0.9962512850761414
0.9970909953117371
0.9970909953117371
0.9974808692932129
0.9979156851768494
0.9976757764816284
0.9982156157493591
0.9980956315994263
0.998635470867157
0.9985904693603516
0.9988453984260559
0.9991303086280823
0.9988453984260559
0.9987704157829285
0.9988453984260559
0.9987704157829285
0.9988753795623779
0.9991452693939209
0.9990403056144714
0.9992802143096924
val_loss
0.12340034544467926
0.078780397772789
0.06729229539632797
0.06017250567674637
0.05538223683834076
0.04986107721924782
0.05171140655875206
0.05933470278978348
0.05528489127755165
0.06327832490205765
0.06656590104103088
0.06542816013097763
0.05557796359062195
0.0527467206120491
0.06164427101612091
0.06049533933401108
0.06738059967756271
0.051124364137649536
0.06388400495052338
0.06358499825000763
0.07006930559873581
0.0694347470998764
0.06337693333625793
0.06604884564876556
0.07640375941991806
0.06451468914747238
0.06390748918056488
0.06346191465854645
0.07061509788036346
0.0655808225274086
val_accuracy
0.9607561826705933
0.9761161208152771
0.9802514910697937
0.9826989769935608
0.984977662563324
0.984977662563324
0.9861591458320618
0.9832897186279297
0.9862435460090637
0.9858216047286987
0.9833741188049316
0.9841336607933044
0.9863279461860657
0.9865811467170715
0.9861591458320618
0.9862435460090637
0.9862435460090637
0.9890286326408386
0.9862435460090637
0.9876782894134521
0.9855684041976929
0.9873406887054443
0.9874250888824463
0.9873406887054443
0.9864967465400696
0.988353431224823
0.9873406887054443
0.9886066317558289
0.9859060049057007
0.98801589012146
