loss
0.8306904435157776
0.3095645606517792
0.21266646683216095
0.16424940526485443
0.13680055737495422
0.11729281395673752
0.10341944545507431
0.0925465077161789
0.08339237421751022
0.07569534331560135
0.0698748230934143
0.06425638496875763
0.05959190055727959
0.05532032623887062
0.05127639323472977
0.04819915071129799
0.044750768691301346
0.04224064201116562
0.03946272283792496
0.037026599049568176
0.03447771817445755
0.03320715203881264
0.030638407915830612
0.028696950525045395
0.027069082483649254
0.027061747387051582
0.024401914328336716
0.02368507720530033
0.0216357558965683
0.02064962312579155
accuracy
0.7711016535758972
0.9099251627922058
0.9378008246421814
0.9505465626716614
0.9588387608528137
0.9645968675613403
0.9681806564331055
0.97171950340271
0.9747334718704224
0.9767277836799622
0.9788720607757568
0.9809263944625854
0.9819460511207581
0.9830706715583801
0.9840303659439087
0.9850500226020813
0.9864895343780518
0.987194299697876
0.9874191880226135
0.9887837767601013
0.9897284507751465
0.990163266658783
0.9906581044197083
0.9913179278373718
0.9919477105140686
0.991992712020874
0.9924575090408325
0.9926974177360535
0.9935821294784546
0.9940320253372192
val_loss
0.4943486154079437
0.3177802562713623
0.23401984572410583
0.19875355064868927
0.1679324507713318
0.1519247442483902
0.1414468139410019
0.12552113831043243
0.14977328479290009
0.11664389818906784
0.10767451673746109
0.1145167127251625
0.10601577162742615
0.10492682456970215
0.10292422771453857
0.10212930291891098
0.10049156844615936
0.09652482718229294
0.09505358338356018
0.09945368766784668
0.09367568790912628
0.09724102914333344
0.09421516209840775
0.09288835525512695
0.10541608184576035
0.10174883157014847
0.09852433949708939
0.09389551728963852
0.11079583317041397
0.10187336802482605
val_accuracy
0.857709527015686
0.9076715111732483
0.9302051067352295
0.9408388733863831
0.9478436708450317
0.9554392695426941
0.9578023552894592
0.9614313244819641
0.9559456706047058
0.9665794372558594
0.9696176648139954
0.9677609801292419
0.9705460667610168
0.9703772664070129
0.9711368083953857
0.9730778932571411
0.9718119502067566
0.9735842943191528
0.9747657775878906
0.973331093788147
0.9765381217002869
0.9761161208152771
0.9754409790039062
0.9774664640426636
0.9749345779418945
0.9755253791809082
0.9760317206382751
0.9784792065620422
0.9741750359535217
0.9766225218772888
loss
0.7965717911720276
0.2625819444656372
0.18361584842205048
0.14556197822093964
0.12082096934318542
0.10468170046806335
0.09307535737752914
0.08368922770023346
0.07615586370229721
0.0697844997048378
0.06483150273561478
0.0599723644554615
0.05662587285041809
0.05299116671085358
0.049301628023386
0.04626629129052162
0.043545693159103394
0.04146568477153778
0.038725387305021286
0.03673241287469864
0.03448764979839325
0.033222246915102005
0.031021205708384514
0.029277518391609192
0.02773725986480713
0.02631770819425583
0.02576928585767746
0.023511579260230064
0.02254820428788662
0.021514222025871277
0.019561998546123505
0.019195212051272392
0.018266670405864716
0.01747024990618229
0.01657402515411377
0.015653494745492935
0.014947404153645039
0.013806904666125774
0.013208749704062939
0.012654650956392288
0.011683276854455471
0.011229532770812511
0.010269299149513245
0.010347962379455566
0.010825010016560555
0.009097764268517494
0.008998880162835121
0.008211884647607803
0.008118492551147938
0.007346502039581537
accuracy
0.7934891581535339
0.9231507182121277
0.9455382227897644
0.9561547040939331
0.9641170501708984
0.9690054059028625
0.972109317779541
0.9746884703636169
0.9765478372573853
0.9790370464324951
0.9800716638565063
0.9815261960029602
0.9824109077453613
0.9835355281829834
0.9849450588226318
0.9857547879219055
0.9865944981575012
0.9872092604637146
0.9875091910362244
0.988618791103363
0.9892786145210266
0.98989337682724
0.9902832508087158
0.9908080697059631
0.9912429451942444
0.9918427467346191
0.9919626712799072
0.9928023815155029
0.9927874207496643
0.9931772947311401
0.9939420223236084
0.9939270615577698
0.9945118427276611
0.9947967529296875
0.9948567152023315
0.9950516819953918
0.9953215718269348
0.9957714080810547
0.9960862994194031
0.9962512850761414
0.9965811371803284
0.9965661764144897
0.9971809387207031
0.9970459938049316
0.9965961575508118
0.9972259402275085
0.9974958300590515
0.9975408315658569
0.9977657198905945
0.9979606866836548
val_loss
0.4175136089324951
0.2922751009464264
0.22466525435447693
0.1870219111442566
0.15753701329231262
0.13564884662628174
0.1520964801311493
0.13620437681674957
0.1211339458823204
0.11606302857398987
0.11103860288858414
0.10733092576265335
0.10955747216939926
0.09847351908683777
0.10439533740282059
0.10394356399774551
0.10352584719657898
0.1089126318693161
0.10274046659469604
0.09979225695133209
0.10402244329452515
0.0979585349559784
0.09403177350759506
0.09827929735183716
0.09907682240009308
0.09460552036762238
0.10202042013406754
0.097270667552948
0.0947018712759018
0.10258856415748596
0.10918378829956055
0.09609030187129974
0.10520245134830475
0.11053039878606796
0.10618475079536438
0.10833440721035004
0.10740065574645996
0.11008056253194809
0.10637614130973816
0.1094849556684494
0.12259917706251144
0.11434225738048553
0.11768560111522675
0.11478835344314575
0.11334358900785446
0.11726770550012589
0.11680559068918228
0.11721216142177582
0.12247386574745178
0.12508617341518402
val_accuracy
0.8842096328735352
0.9149295091629028
0.9332433342933655
0.9448054432868958
0.952654242515564
0.9605029821395874
0.9541733264923096
0.9591526985168457
0.9643851518630981
0.9659886956214905
0.9695332646369934
0.9686049222946167
0.9712212085723877
0.9739218354225159
0.9715588092803955
0.9721495509147644
0.9744282364845276
0.973753035068512
0.9727402925491333
0.9744282364845276
0.973753035068512
0.9754409790039062
0.9772976636886597
0.9750189781188965
0.9761161208152771
0.9779728055000305
0.9752721786499023
0.9775508642196655
0.9771288633346558
0.9765381217002869
0.9759473204612732
0.9795763492584229
0.9775508642196655
0.976284921169281
0.976791262626648
0.9785636067390442
0.9777196645736694
0.976200520992279
0.9761161208152771
0.9781416058540344
0.9756097793579102
0.9778884053230286
0.9766225218772888
0.9790699481964111
0.9785636067390442
0.9772976636886597
0.9777196645736694
0.9778040051460266
0.9782260060310364
0.9772976636886597
