loss
0.1863062083721161
0.053138840943574905
0.03778206557035446
0.029949454590678215
0.022903217002749443
0.020694896578788757
0.01738135702908039
0.016114139929413795
0.014362405985593796
0.013429657556116581
0.013317199423909187
0.013559858314692974
0.012926539406180382
0.011755280196666718
0.014418883249163628
0.011282001622021198
0.010112478397786617
0.009669080376625061
0.010919401422142982
0.012535575777292252
0.011040927842259407
0.011978850699961185
0.010595920495688915
0.010097968392074108
0.010981906205415726
0.01078468095511198
0.006953074596822262
0.010831653140485287
0.011833863332867622
0.011376732960343361
accuracy
0.9432440400123596
0.9836854934692383
0.9880639910697937
0.9902682304382324
0.9928624033927917
0.993537187576294
0.9945868253707886
0.9948866963386536
0.9956064820289612
0.9957564473152161
0.9959363341331482
0.9958463907241821
0.996056318283081
0.9968810677528381
0.996026337146759
0.9967910647392273
0.9968060851097107
0.9974958300590515
0.997300922870636
0.9967610836029053
0.9971509575843811
0.9971659779548645
0.9975258111953735
0.9975108504295349
0.9974808692932129
0.9971809387207031
0.9981706142425537
0.997600793838501
0.9974358677864075
0.9975858330726624
val_loss
0.08761630207300186
0.07385986298322678
0.07097389549016953
0.0582689605653286
0.07610175013542175
0.07008780539035797
0.07092703133821487
0.09969069063663483
0.06380222737789154
0.08125627040863037
0.0872349739074707
0.0974477156996727
0.11880951374769211
0.10879356414079666
0.1030493676662445
0.12218629568815231
0.10361109673976898
0.12803946435451508
0.11866680532693863
0.11361577361822128
0.17479923367500305
0.13077054917812347
0.16331303119659424
0.1224152222275734
0.11106136441230774
0.12954172492027283
0.19425253570079803
0.15955068171024323
0.1570010930299759
0.18964643776416779
val_accuracy
0.9721495509147644
0.9782260060310364
0.9811798334121704
0.9828677773475647
0.981855034828186
0.982361376285553
0.9841336607933044
0.9824457764625549
0.9873406887054443
0.9843868613243103
0.9855684041976929
0.9833741188049316
0.9835429191589355
0.9821081757545471
0.9830365180969238
0.9813486337661743
0.9860747456550598
0.9821081757545471
0.9848088622093201
0.9851464033126831
0.9820237755775452
0.9839649200439453
0.9787324070930481
0.9836273193359375
0.9850620031356812
0.9872562885284424
0.9821925759315491
0.9835429191589355
0.9844712615013123
0.9841336607933044
