loss
0.8765629529953003
0.3149929642677307
0.21785055100917816
0.17063826322555542
0.14336790144443512
0.12351489812135696
0.10958797484636307
0.09851014614105225
0.08949266374111176
0.08258739858865738
0.07663693279027939
0.0718369409441948
0.0666946992278099
0.06277009099721909
0.05936649814248085
0.056348495185375214
0.05264269933104515
0.05063067004084587
0.04833821579813957
0.04562801122665405
0.04435047134757042
0.04217970743775368
0.0401790589094162
0.038345418870449066
0.037194427102804184
0.03617728501558304
0.03463469445705414
0.03322480246424675
0.03151813894510269
0.03092959150671959
0.029484402388334274
0.028451791033148766
0.02672722563147545
0.027003969997167587
0.025427745655179024
0.024385083466768265
0.0235406756401062
0.02284291572868824
0.02153967134654522
0.021019170060753822
0.020313000306487083
0.019215425476431847
0.01886131428182125
0.017650458961725235
0.017185693606734276
0.016789468005299568
0.015820913016796112
0.015340239740908146
0.014928351156413555
0.01406153105199337
accuracy
0.7717164754867554
0.9091454148292542
0.9365262389183044
0.9492719769477844
0.9570693969726562
0.9633073210716248
0.967041015625
0.9703549146652222
0.9730240106582642
0.9748983979225159
0.9771926403045654
0.9783472418785095
0.9796068072319031
0.9811363220214844
0.9825608134269714
0.9829057455062866
0.9837154746055603
0.9848700761795044
0.9854998588562012
0.9862945675849915
0.9864895343780518
0.987464189529419
0.987524151802063
0.9885738492012024
0.9889786839485168
0.9894435405731201
0.989623486995697
0.9898183941841125
0.9909430146217346
0.9905981421470642
0.9910629987716675
0.9914528727531433
0.992292582988739
0.9920526742935181
0.992232620716095
0.9926824569702148
0.9929823279380798
0.9934172034263611
0.9937770962715149
0.9939120411872864
0.9938820600509644
0.9944518804550171
0.9943768978118896
0.9950966238975525
0.9950816631317139
0.9950516819953918
0.9954265356063843
0.9956364631652832
0.9956814646720886
0.9957564473152161
val_loss
0.49138355255126953
0.32954299449920654
0.2504366338253021
0.20272958278656006
0.17493094503879547
0.1538313627243042
0.15675809979438782
0.1317167431116104
0.11673106998205185
0.1228763610124588
0.11104659736156464
0.10699917376041412
0.10913537442684174
0.12166517227888107
0.09696222096681595
0.09684085100889206
0.1063568964600563
0.0945638120174408
0.09668531268835068
0.09439229965209961
0.09273070096969604
0.09429454058408737
0.09606955945491791
0.08645880222320557
0.08483502268791199
0.0886257067322731
0.08385693281888962
0.0840422660112381
0.08681099861860275
0.08182650804519653
0.09560426324605942
0.08919468522071838
0.085655078291893
0.0839732363820076
0.09281114488840103
0.0920725017786026
0.08207440376281738
0.09029757976531982
0.09400317817926407
0.08907905966043472
0.08982109278440475
0.09455898404121399
0.08652523905038834
0.09317395091056824
0.08802197873592377
0.0876028761267662
0.09166629612445831
0.09968996793031693
0.08869465440511703
0.09222405403852463
val_accuracy
0.86387038230896
0.9090218544006348
0.9257321357727051
0.9425268173217773
0.9487720727920532
0.9527386426925659
0.9541733264923096
0.9614313244819641
0.9656510949134827
0.9644695520401001
0.9664950370788574
0.9670858383178711
0.9682673811912537
0.9648915529251099
0.9721495509147644
0.9723183512687683
0.9692801237106323
0.9725715517997742
0.9720651507377625
0.973246693611145
0.9740906357765198
0.9723183512687683
0.973753035068512
0.9748501777648926
0.9759473204612732
0.9749345779418945
0.9766225218772888
0.976284921169281
0.9748501777648926
0.9781416058540344
0.9740906357765198
0.9759473204612732
0.9768756628036499
0.9776352643966675
0.9757785201072693
0.9759473204612732
0.9773820638656616
0.9754409790039062
0.9759473204612732
0.9775508642196655
0.9769600629806519
0.976200520992279
0.9772132635116577
0.9766225218772888
0.9769600629806519
0.9782260060310364
0.9777196645736694
0.9757785201072693
0.9785636067390442
0.9770444631576538
loss
0.6059795022010803
0.1679580956697464
0.1145339235663414
0.08860031515359879
0.07161437720060349
0.06082933023571968
0.05198574438691139
0.045220158994197845
0.04034773260354996
0.035398196429014206
accuracy
0.8359849452972412
0.950321614742279
0.9658264517784119
0.9737887978553772
0.9790220260620117
0.9812563061714172
0.9840153455734253
0.9862645864486694
0.9874792098999023
0.9890686869621277
val_loss
0.2852947413921356
0.18338115513324738
0.13680629432201385
0.13442178070545197
0.09549769014120102
0.09347111731767654
0.08739413321018219
0.07524772733449936
0.07062247395515442
0.07151384651660919
val_accuracy
0.9163642525672913
0.9432863593101501
0.9572959542274475
0.9578867554664612
0.9708836078643799
0.9728246927261353
0.9743438363075256
0.9776352643966675
0.979323148727417
0.9790699481964111
loss
0.5919409990310669
0.16593720018863678
0.10769636183977127
0.0830821841955185
0.0679895207285881
0.056431449949741364
0.047931969165802
0.042189352214336395
0.03795458376407623
0.032813284546136856
0.02897297777235508
0.026239857077598572
0.023770080879330635
0.021009840071201324
0.018937623128294945
0.01674671657383442
0.015835562720894814
0.013805871829390526
0.012374790385365486
0.011526614427566528
accuracy
0.834245502948761
0.9507715106010437
0.9686905145645142
0.9748234152793884
0.9797267913818359
0.9827857613563538
0.9854099154472351
0.9875991344451904
0.9878690838813782
0.98989337682724
0.9912729263305664
0.9919027090072632
0.992322564125061
0.9931322932243347
0.9941969513893127
0.9948267340660095
0.9951116442680359
0.9959363341331482
0.9963112473487854
0.9965511560440063
val_loss
0.27825143933296204
0.1600833684206009
0.13765540719032288
0.11512108147144318
0.09928186237812042
0.09345708787441254
0.08005351573228836
0.07222957909107208
0.07581191509962082
0.06987935304641724
0.07194703072309494
0.06938350200653076
0.07037339359521866
0.07655759155750275
0.07448413223028183
0.08448981493711472
0.07739521563053131
0.07594991475343704
0.06998902559280396
0.07063496112823486
val_accuracy
0.9188117384910583
0.9502067565917969
0.9567896127700806
0.964300811290741
0.9694489240646362
0.9713900089263916
0.9783948063850403
0.9790699481964111
0.9789855480194092
0.9804202914237976
0.9791543483734131
0.9810110330581665
0.9821925759315491
0.9816018342971802
0.9813486337661743
0.9796607494354248
0.9809266328811646
0.9828677773475647
0.9828677773475647
0.9832897186279297
loss
0.6321480870246887
0.17228829860687256
0.11196634918451309
0.08494698256254196
0.06973899900913239
0.0581490620970726
0.05016694962978363
0.04357954487204552
0.03834785148501396
0.03467988967895508
0.03043207712471485
0.02700505591928959
0.024546077474951744
0.022804224863648415
0.020035218447446823
0.018126094713807106
0.01629105769097805
0.014969694428145885
0.013403143733739853
0.013195816427469254
0.012141975574195385
0.010913283564150333
0.010066350921988487
0.008862527087330818
0.008374234661459923
0.007695666514337063
0.0069609167985618114
0.006924350745975971
0.005781647749245167
0.005643580574542284
accuracy
0.8301519155502319
0.9479973912239075
0.9666961431503296
0.9753782749176025
0.9792919158935547
0.9818710684776306
0.9846001863479614
0.9870293736457825
0.9882289171218872
0.9893985390663147
0.9905981421470642
0.9918427467346191
0.9924874901771545
0.9926224946975708
0.9938220977783203
0.9943318963050842
0.9951716065406799
0.9952616095542908
0.9961313009262085
0.9958013892173767
0.99626624584198
0.9965211749076843
0.9968510270118713
0.9973759055137634
0.9972859025001526
0.9975858330726624
0.9977207779884338
0.9978557229042053
0.9981706142425537
0.9983205795288086
val_loss
0.2704235911369324
0.16320449113845825
0.1283341646194458
0.10424251109361649
0.10157332569360733
0.08257102221250534
0.08314136415719986
0.07774701714515686
0.07367455214262009
0.07350272685289383
0.06779442727565765
0.07277284562587738
0.06982553750276566
0.072190061211586
0.06299114227294922
0.07377530634403229
0.07248329371213913
0.07135076820850372
0.07779000699520111
0.07927916944026947
0.07179335504770279
0.07347119599580765
0.07587484270334244
0.07427725940942764
0.07973786443471909
0.07927560061216354
0.07987002283334732
0.08014392107725143
0.086998850107193
0.07845363765954971
val_accuracy
0.9212591648101807
0.9506287574768066
0.961600124835968
0.9668326377868652
0.9703772664070129
0.9760317206382751
0.9767069220542908
0.9764537215232849
0.9776352643966675
0.9797451496124268
0.9805890917778015
0.9796607494354248
0.9813486337661743
0.9809266328811646
0.9828677773475647
0.9810110330581665
0.9811798334121704
0.9812642335891724
0.9808422923088074
0.9809266328811646
0.982361376285553
0.9831209182739258
0.9826989769935608
0.9828677773475647
0.9825301766395569
0.981855034828186
0.9839649200439453
0.9843868613243103
0.9827833771705627
0.9837117195129395
loss
0.6117075681686401
0.17697559297084808
0.11596281081438065
0.08802368491888046
0.07213165611028671
0.06093959882855415
0.05213052034378052
0.04592578113079071
0.04047761857509613
0.03559528663754463
0.030839446932077408
0.0285798367112875
0.025761134922504425
0.02279927209019661
0.021687278524041176
0.019186826422810555
0.0171195100992918
0.015542448498308659
0.014575117267668247
0.012718343175947666
0.011949550360441208
0.011074777692556381
0.009961276315152645
0.00853330921381712
0.008795310743153095
0.007317350711673498
0.00727980537340045
0.006175506394356489
0.006284307688474655
0.006364180240780115
0.005245633888989687
0.004972313996404409
0.004791472107172012
0.0043280464597046375
0.004360035993158817
0.004022305365651846
0.003514957847073674
0.0031268063466995955
0.00369585445150733
0.0032977722585201263
0.0028692123014479876
0.0034656457137316465
0.00243194168433547
0.0028825849294662476
0.0030475431121885777
0.0029336896259337664
0.002806740812957287
0.0013879783218726516
0.0020412392914295197
0.0027272410225123167
accuracy
0.833975613117218
0.9475175738334656
0.9656314849853516
0.9731289744377136
0.9785721898078918
0.9818710684776306
0.9843752384185791
0.9863845705986023
0.9877490997314453
0.9892485737800598
0.99098801612854
0.9912429451942444
0.992292582988739
0.9931473135948181
0.9932672381401062
0.9941819310188293
0.994661808013916
0.9952765703201294
0.9955164790153503
0.9961912631988525
0.9964311718940735
0.9963862299919128
0.9966711401939392
0.9975858330726624
0.9970909953117371
0.9978557229042053
0.9977357387542725
0.9982005953788757
0.9981555938720703
0.9978107213973999
0.9982755780220032
0.9984405040740967
0.9985454678535461
0.9988003969192505
0.998635470867157
0.9988154172897339
0.998965322971344
0.9992802143096924
0.998965322971344
0.9990403056144714
0.9991303086280823
0.9988154172897339
0.9993252158164978
0.9991303086280823
0.9991303086280823
0.9989953637123108
0.9990403056144714
0.999730110168457
0.9993702173233032
0.9991902709007263
val_loss
0.2878245711326599
0.1747765988111496
0.1297474056482315
0.11795582622289658
0.09627267718315125
0.08910772204399109
0.08711874485015869
0.08409520983695984
0.07992998510599136
0.06848936527967453
0.07105281203985214
0.062121421098709106
0.06713343411684036
0.06577219069004059
0.06787490844726562
0.0606645867228508
0.0638662725687027
0.06326357275247574
0.07936669141054153
0.0693529024720192
0.07657834887504578
0.0799824520945549
0.07797294110059738
0.06980384886264801
0.06757203489542007
0.0792398452758789
0.08095540851354599
0.07495268434286118
0.08789393305778503
0.0691971406340599
0.06953685730695724
0.07478410005569458
0.0764758363366127
0.07886146754026413
0.07935018092393875
0.10359576344490051
0.07825163006782532
0.08873694390058517
0.08269701898097992
0.08382774144411087
0.09846441447734833
0.08761046081781387
0.08375660330057144
0.09446156769990921
0.09070032089948654
0.07997720688581467
0.09670097380876541
0.09789717942476273
0.0827520415186882
0.08246107399463654
val_accuracy
0.9194024801254272
0.9479280710220337
0.9610937833786011
0.9633724093437195
0.970630407333374
0.973246693611145
0.9744282364845276
0.9754409790039062
0.9758629202842712
0.9786480069160461
0.9794919490814209
0.9826989769935608
0.9821081757545471
0.9828677773475647
0.9809266328811646
0.9844712615013123
0.9831209182739258
0.9828677773475647
0.9817706346511841
0.9828677773475647
0.9805890917778015
0.9815174341201782
0.9820237755775452
0.984893262386322
0.985399603843689
0.9833741188049316
0.9826989769935608
0.9824457764625549
0.9810954332351685
0.9855684041976929
0.9844712615013123
0.9841336607933044
0.9843868613243103
0.9842180609703064
0.9842180609703064
0.9805046916007996
0.9840492606163025
0.984893262386322
0.9845556616783142
0.984893262386322
0.9803358912467957
0.9837961196899414
0.985315203666687
0.9834585189819336
0.9837117195129395
0.9851464033126831
0.9829521775245667
0.9820237755775452
0.9871718883514404
0.9858216047286987
